drone1	1678172938.483808	1.327604	-3.835782	1.469027
drone1	1678173009.326567	1.347565	-3.639940	1.466540
drone1	1678173010.620904	1.367789	-3.432802	1.473789
drone1	1678173011.865522	1.380059	-3.225021	1.566743
drone1	1678173013.060324	1.381081	-3.025848	1.573725
drone1	1678173014.230235	1.378897	-2.817070	1.581763
drone1	1678173015.375253	1.377693	-2.612122	1.587993
drone1	1678173016.495641	1.372941	-2.405771	1.596644
drone1	1678173017.615617	1.367332	-2.203429	1.595040
drone1	1678173018.710828	1.380940	-2.000426	1.476526
drone1	1678173019.781103	1.410365	-1.808183	1.390697
drone1	1678173020.851480	1.457914	-1.612888	1.296142
drone1	1678173021.946681	1.537920	-1.419375	1.102853
drone1	1678173023.116579	1.662136	-1.239563	0.901606
drone1	1678173024.137175	1.794058	-1.095204	0.699283
drone1	1678173025.605730	2.030424	-0.929844	0.546259
drone1	1678173026.875217	2.251668	-0.819839	0.438354
drone1	1678173028.119856	2.477621	-0.719421	0.424181
drone1	1678173029.339588	2.699736	-0.622345	0.411456
drone1	1678173030.534314	2.922603	-0.536298	0.358067
drone1	1678173031.704234	3.142175	-0.466193	0.340798
drone1	1678173032.824344	3.355329	-0.410104	0.186521
drone1	1678173033.894665	3.564211	-0.374755	0.134881
drone1	1678173034.965011	3.776175	-0.347768	0.100073
drone1	1678173036.010526	3.983135	-0.342301	0.035156
drone1	1678173037.056049	4.194071	-0.329789	0.025117
drone1	1678173038.101406	4.406309	-0.325832	-0.007316
drone1	1678173039.121960	4.614102	-0.336167	-0.057576
drone1	1678173040.142586	4.815031	-0.349944	-0.070160
drone1	1678173041.163107	5.019701	-0.371341	-0.115908
drone1	1678173042.183762	5.220230	-0.395650	-0.124035
drone1	1678173043.204374	5.424960	-0.423783	-0.130051
drone1	1678173044.224951	5.629045	-0.456552	-0.165664
drone1	1678173045.245516	5.827748	-0.507536	-0.328954
drone1	1678173046.315941	6.020261	-0.595192	-0.504337
drone1	1678173047.386288	6.198741	-0.709362	-0.716079
drone1	1678173048.680642	6.376879	-0.900320	-0.852333
drone1	1678173050.049677	6.546515	-1.106504	-0.983396
drone1	1678173051.393916	6.683551	-1.331286	-1.089248
drone1	1678173052.713221	6.797295	-1.560290	-1.117888
drone1	1678173064.536917	6.898888	-1.785303	-1.146498
drone1	1678173065.980713	6.983586	-2.006010	-1.264591
drone1	1678173067.300036	7.048194	-2.225855	-1.319909
drone1	1678173068.544631	7.098246	-2.446915	-1.408329
drone1	1678173069.739501	7.132837	-2.667250	-1.487340
drone1	1678173070.884505	7.151484	-2.886972	-1.494685
drone1	1678173072.004730	7.160479	-3.091447	-1.538824
drone1	1678173073.099931	7.157774	-3.291863	-1.582116
drone1	1678173074.170309	7.153584	-3.491502	-1.586774
drone1	1678173075.240676	7.148745	-3.695263	-1.595875
drone1	1678173076.311055	7.144676	-3.902369	-1.584133
drone1	1678173077.356600	7.141937	-4.104206	-1.591464
drone1	1678173078.402024	7.134380	-4.305635	-1.598299
drone1	1678173079.447530	7.129486	-4.511535	-1.602530
drone1	1678173080.492954	7.123060	-4.716266	-1.606756
drone1	1678173081.538453	7.114892	-4.920022	-1.582147
drone1	1678173082.583919	7.113122	-5.126022	-1.581152
drone1	1678173083.629486	7.111014	-5.335508	-1.579950
drone1	1678173084.674846	7.113095	-5.540921	-1.567126
drone1	1678173085.720378	7.112963	-5.751764	-1.569645
drone1	1678173086.740900	7.113624	-5.955006	-1.568535
drone1	1678173087.761504	7.110798	-6.161223	-1.571184
drone1	1678173088.782201	7.113258	-6.364222	-1.571508
drone1	1678173089.802657	7.117371	-6.570601	-1.569199
drone1	1678173090.823265	7.118108	-6.775625	-1.566898
drone1	1678173091.843930	7.117697	-6.976584	-1.569072
drone1	1678173092.864427	7.118660	-7.183330	-1.570524
drone1	1678173093.885207	7.118135	-7.384347	-1.571525
drone1	1678173094.905552	7.114052	-7.591884	-1.577396
drone1	1678173095.926098	7.111470	-7.794751	-1.579439
drone1	1678173096.946646	7.105845	-7.999120	-1.582919
drone1	1678173097.967183	7.103070	-8.201705	-1.584330
drone1	1678173098.987906	7.101865	-8.405702	-1.584047
drone1	1678173100.008256	7.101387	-8.608777	-1.582491
drone1	1678173101.028765	7.100318	-8.810572	-1.583723
drone1	1678173102.049322	7.097771	-9.015777	-1.585452
drone1	1678173103.069860	7.093641	-9.223222	-1.586312
drone1	1678173104.090409	7.090039	-9.428217	-1.587269
drone1	1678173105.111002	7.085599	-9.631677	-1.589191
drone1	1678173106.131579	7.081465	-9.836549	-1.590445
drone1	1678173107.152099	7.078630	-10.042050	-1.591515
drone1	1678173108.172663	7.075844	-10.241958	-1.594076
drone1	1678173109.193258	7.072110	-10.444343	-1.595837
drone1	1678173110.213792	7.067968	-10.648047	-1.597445
drone1	1678173111.234367	7.063369	-10.850396	-1.597333
drone1	1678173112.254932	7.057931	-11.055982	-1.597668
drone1	1678173113.275554	7.049886	-11.258563	-1.600400
drone1	1678173114.296044	7.044093	-11.465181	-1.600717
drone1	1678173115.316581	7.038826	-11.665213	-1.600172
drone1	1678173116.337139	7.035307	-11.867398	-1.599968
drone1	1678173117.357680	7.031666	-12.073308	-1.600537
drone1	1678173118.378267	7.028171	-12.277120	-1.597796
drone1	1678173119.398761	7.021074	-12.480702	-1.595520
drone1	1678173120.419316	7.016941	-12.687782	-1.591485
drone1	1678173121.439870	7.011903	-12.891150	-1.590946
drone1	1678173122.460398	7.010348	-13.089924	-1.590917
drone1	1678173123.480946	7.005278	-13.293674	-1.609747
drone1	1678173124.501461	6.977774	-13.491717	-1.737133
drone1	1678173125.123750	6.947187	-13.611066	-1.939807
drone1	1678173126.194042	6.858554	-13.799449	-2.064838
drone1	1678173126.567393	6.811624	-13.858531	-2.285410
drone1	1678173126.965631	6.750538	-13.908283	-2.493874
drone1	1678173128.359602	6.522877	-14.062338	-2.634306
drone1	1678173129.330240	6.348040	-14.141246	-2.840081
drone1	1678173129.628946	6.286131	-14.149095	-3.050537
drone1	1678173130.649475	6.082154	-14.146125	3.094861
drone1	1678173131.670027	5.879516	-14.130871	3.077438
drone1	1678173132.690533	5.673653	-14.118221	3.059943
drone1	1678173133.711050	5.469749	-14.097193	3.046718
drone1	1678173134.731569	5.265209	-14.080249	3.036517
drone1	1678173135.752111	5.058102	-14.059211	3.023682
drone1	1678173136.772622	4.851426	-14.035508	3.012352
drone1	1678173137.793132	4.649908	-14.007631	3.004874
drone1	1678173138.813658	4.446595	-13.978313	2.997939
drone1	1678173139.834144	4.242759	-13.946285	2.987326
drone1	1678173140.854661	4.035393	-13.910833	2.976534
drone1	1678173141.875170	3.831826	-13.874384	2.968285
drone1	1678173142.895662	3.630545	-13.839776	2.962803
drone1	1678173143.916169	3.429766	-13.802674	2.957656
drone1	1678173144.936716	3.228936	-13.763781	2.948750
drone1	1678173145.957245	3.029239	-13.722774	2.940563
drone1	1678173146.977775	2.830620	-13.677748	2.932219
drone1	1678173147.998295	2.631489	-13.636243	2.926516
drone1	1678173149.018836	2.433883	-13.591851	2.922295
drone1	1678173150.039335	2.236549	-13.545805	2.918566
drone1	1678173151.059849	2.035569	-13.499586	2.911528
drone1	1678173152.080401	1.834186	-13.454200	2.908483
drone1	1678173153.100878	1.633496	-13.406973	2.906907
drone1	1678173154.121386	1.436934	-13.358488	2.848598
drone1	1678173154.967685	1.282104	-13.289809	2.643556
drone1	1678173155.664540	1.174865	-13.211572	2.438591
drone1	1678173156.262007	1.093084	-13.123561	2.237362
drone1	1678173157.332234	0.976043	-12.949557	2.033440
drone1	1678173158.576768	0.872962	-12.726993	1.953492
drone1	1678173159.547541	0.821724	-12.542485	1.742300
drone1	1678173160.518195	0.811990	-12.354084	1.539516
drone1	1678173161.538745	0.829034	-12.151443	1.479074
drone1	1678173162.559214	0.847200	-11.947003	1.458834
drone1	1678173163.579721	0.870739	-11.741570	1.439477
drone1	1678173164.600292	0.900755	-11.541391	1.430081
drone1	1678173165.620756	0.926996	-11.336674	1.454713
drone1	1678173166.641200	0.948355	-11.131467	1.475497
drone1	1678173167.661689	0.959558	-10.927975	1.508551
drone1	1678173168.682187	0.971792	-10.716663	1.525488
drone1	1678173169.702936	0.973858	-10.514740	1.574845
drone1	1678173170.748062	0.968607	-10.311861	1.604925
drone1	1678173171.768573	0.960218	-10.102045	1.607911
drone1	1678173172.813957	0.953391	-9.891793	1.587137
drone1	1678173173.834461	0.952473	-9.687739	1.564759
drone1	1678173174.854955	0.951697	-9.482551	1.563852
drone1	1678173175.875476	0.951907	-9.277476	1.564284
drone1	1678173176.895961	0.950128	-9.071828	1.564992
drone1	1678173177.916430	0.951070	-8.860826	1.563112
drone1	1678173178.936958	0.953639	-8.655833	1.559583
drone1	1678173179.957426	0.955990	-8.453123	1.556876
drone1	1678173180.977927	0.958546	-8.249935	1.557123
drone1	1678173181.998420	0.963325	-8.042579	1.556979
drone1	1678173183.018947	0.968164	-7.838628	1.554082
drone1	1678173184.039413	0.970982	-7.637787	1.553150
drone1	1678173185.059864	0.976428	-7.432132	1.553453
drone1	1678173186.080347	0.981596	-7.220890	1.552127
drone1	1678173187.100871	0.985790	-7.012954	1.551925
drone1	1678173188.121337	0.990362	-6.807770	1.551757
drone1	1678173189.141834	0.995452	-6.608069	1.484133
drone1	1678173190.162344	1.015203	-6.401426	1.470028
drone1	1678173191.182807	1.036049	-6.197707	1.465018
drone1	1678173192.203296	1.059092	-5.994106	1.461354
drone1	1678173193.223788	1.080287	-5.792282	1.458292
drone1	1678173194.244344	1.101776	-5.584242	1.457238
drone1	1678173195.264768	1.124091	-5.381051	1.455467
drone1	1678173196.285260	1.149224	-5.177408	1.454315
drone1	1678173197.305761	1.172700	-4.969565	1.452953
drone1	1678173198.326264	1.195251	-4.768895	1.454703
drone1	1678173199.346900	1.223420	-4.567185	1.447403
drone1	1678173200.367225	1.250265	-4.363673	1.444279
drone1	1678173201.387721	1.276850	-4.162232	1.445155
drone1	1678173202.408226	1.301912	-3.960065	1.442138
drone1	1678173203.428699	1.328391	-3.753760	1.441508
drone1	1678173204.449253	1.353192	-3.552004	1.441095
drone1	1678173205.469713	1.379332	-3.347956	1.440418
