drone2	1678172940.547219	0.870754	-4.281391	1.276372
drone2	1678173004.232259	0.867993	-4.263955	1.484216
drone2	1678173009.372063	0.863877	-4.263590	1.703313
drone2	1678173010.244069	0.826264	-4.148635	1.924165
drone2	1678173012.221519	0.711908	-3.907255	2.054438
drone2	1678173013.885692	0.596040	-3.662138	1.933745
drone2	1678173015.470177	0.511615	-3.394076	1.807483
drone2	1678173016.894464	0.455363	-3.134552	1.731892
drone2	1678173018.086026	0.429103	-2.879469	1.564705
drone2	1678173019.111419	0.426170	-2.646264	1.573701
drone2	1678173020.063252	0.426230	-2.416021	1.569779
drone2	1678173021.015161	0.419652	-2.179985	1.589383
drone2	1678173021.887103	0.428380	-1.943952	1.524709
drone2	1678173022.599372	0.445558	-1.716201	1.477914
drone2	1678173023.471368	0.475901	-1.493483	1.421441
drone2	1678173024.183719	0.521103	-1.275358	1.273798
drone2	1678173024.975723	0.584948	-1.086317	1.198184
drone2	1678173025.854146	0.673778	-0.883089	1.055144
drone2	1678173026.719808	0.785851	-0.702123	0.964494
drone2	1678173027.831298	0.911373	-0.547267	0.866013
drone2	1678173028.942668	1.067133	-0.385020	0.737975
drone2	1678173030.048102	1.235750	-0.249213	0.644927
drone2	1678173031.079731	1.442986	-0.121179	0.557784
drone2	1678173032.185038	1.656169	0.001228	0.417228
drone2	1678173033.216694	1.892329	0.114200	0.438519
drone2	1678173034.322021	2.120476	0.222537	0.440237
drone2	1678173035.433436	2.353521	0.325649	0.394197
drone2	1678173036.698436	2.589100	0.432170	0.389576
drone2	1678173038.043165	2.850043	0.536898	0.309718
drone2	1678173039.308352	3.109789	0.612524	0.238950
drone2	1678173040.579375	3.376132	0.656325	0.162023
drone2	1678173041.764568	3.620942	0.694960	0.135484
drone2	1678173042.949827	3.861375	0.720838	0.103100
drone2	1678173044.135119	4.103058	0.732893	0.067005
drone2	1678173045.006858	4.336378	0.726462	-0.034422
drone2	1678173045.719224	4.554565	0.707176	-0.097889
drone2	1678173046.511430	4.780612	0.684070	-0.130338
drone2	1678173047.303594	4.991797	0.645857	-0.280398
drone2	1678173047.862285	5.188199	0.576342	-0.323628
drone2	1678173048.648517	5.387740	0.511549	-0.306787
drone2	1678173049.680013	5.587366	0.436082	-0.394516
drone2	1678173050.466207	5.775194	0.340987	-0.489626
drone2	1678173051.338098	5.946330	0.236629	-0.645035
drone2	1678173051.896820	6.061896	0.126460	-0.875535
drone2	1678173052.529355	6.195020	-0.052023	-0.942271
drone2	1678173053.161607	6.319930	-0.252050	-1.024084
drone2	1678173053.874116	6.431502	-0.481916	-1.164523
drone2	1678173054.666105	6.528083	-0.747313	-1.245008
drone2	1678173055.458182	6.609879	-1.020213	-1.285971
drone2	1678173063.453455	6.681351	-1.185257	-1.035526
drone2	1678173063.846818	6.758754	-1.263040	-0.798793
drone2	1678173064.559070	6.935233	-1.410072	-0.654230
drone2	1678173065.590722	7.093055	-1.535104	-0.633630
drone2	1678173066.855622	7.254822	-1.665610	-0.742589
drone2	1678173067.567737	7.341393	-1.773093	-0.944832
drone2	1678173068.513499	7.429506	-1.919779	-1.150887
drone2	1678173069.938142	7.518203	-2.182791	-1.351865
drone2	1678173071.362958	7.565443	-2.454382	-1.389204
drone2	1678173072.547956	7.595235	-2.689303	-1.504412
drone2	1678173073.733337	7.618841	-2.922357	-1.489112
drone2	1678173075.084029	7.636981	-3.169847	-1.489696
drone2	1678173076.428916	7.660737	-3.414028	-1.486801
drone2	1678173077.693881	7.673939	-3.650260	-1.533204
drone2	1678173078.958893	7.681247	-3.882382	-1.561000
drone2	1678173080.064222	7.675246	-4.115227	-1.580870
drone2	1678173081.249530	7.671698	-4.346623	-1.551750
drone2	1678173082.514371	7.676466	-4.592033	-1.554439
drone2	1678173083.705664	7.678333	-4.827526	-1.564630
drone2	1678173084.891053	7.678366	-5.059783	-1.569912
drone2	1678173086.081997	7.676941	-5.297113	-1.584645
drone2	1678173087.267310	7.678382	-5.521987	-1.586076
drone2	1678173088.452504	7.679108	-5.756482	-1.589197
drone2	1678173089.643787	7.678990	-5.979294	-1.592880
drone2	1678173090.829049	7.678490	-6.217887	-1.588210
drone2	1678173091.940390	7.677126	-6.443360	-1.586169
drone2	1678173092.972212	7.661499	-6.663914	-1.861238
drone2	1678173093.371375	7.601599	-6.794976	-2.119676
drone2	1678173094.003855	7.460879	-6.971723	-2.279981
drone2	1678173094.396969	7.390502	-7.076289	-2.063862
drone2	1678173094.630228	7.386283	-7.117621	-1.773790
drone2	1678173095.188877	7.362960	-7.158219	-1.985345
drone2	1678173095.747765	7.289856	-7.271493	-2.202607
drone2	1678173096.613870	7.168505	-7.437542	-2.282037
drone2	1678173097.884676	7.047360	-7.600917	-2.175508
drone2	1678173098.750701	6.978311	-7.731928	-1.970352
drone2	1678173099.702583	6.935540	-7.918448	-1.752844
drone2	1678173100.727825	6.922721	-8.158592	-1.590182
drone2	1678173101.839249	6.943571	-8.406987	-1.489463
drone2	1678173103.024354	6.970326	-8.639984	-1.451754
drone2	1678173104.295776	7.007428	-8.877150	-1.451177
drone2	1678173105.481063	7.036578	-9.125296	-1.481550
drone2	1678173106.033483	7.071114	-9.288182	-1.270571
drone2	1678173106.347081	7.127695	-9.392571	-1.040645
drone2	1678173106.825937	7.239917	-9.534620	-0.825502
drone2	1678173107.458247	7.410999	-9.693095	-0.744221
drone2	1678173108.250411	7.574036	-9.837294	-0.766952
drone2	1678173109.202461	7.642984	-9.914885	-0.984882
drone2	1678173109.601223	7.658575	-9.950121	-1.196649
drone2	1678173110.074133	7.674421	-10.031490	-1.417409
drone2	1678173110.706971	7.666761	-10.187774	-1.641171
drone2	1678173111.738274	7.625949	-10.399221	-1.773824
drone2	1678173112.843701	7.570496	-10.618844	-1.798926
drone2	1678173113.955092	7.519499	-10.834581	-1.765558
drone2	1678173115.140377	7.482006	-11.058195	-1.686123
drone2	1678173116.171990	7.462795	-11.286717	-1.614535
drone2	1678173117.283312	7.456774	-11.514897	-1.567487
drone2	1678173118.468480	7.460675	-11.758819	-1.548019
drone2	1678173119.653809	7.471683	-11.998959	-1.547124
drone2	1678173120.838634	7.475219	-12.230209	-1.564477
drone2	1678173121.864481	7.479308	-12.456054	-1.585185
drone2	1678173123.129396	7.470655	-12.677800	-1.607767
drone2	1678173123.995316	7.439485	-12.903655	-1.766931
drone2	1678173124.867272	7.397468	-13.122207	-1.839860
drone2	1678173125.499636	7.329452	-13.336170	-1.868994
drone2	1678173126.212095	7.276345	-13.534487	-1.854388
drone2	1678173126.844536	7.190858	-13.740819	-2.049926
drone2	1678173127.397397	7.099703	-13.915079	-2.035225
drone2	1678173128.029792	7.003660	-14.098263	-2.060996
drone2	1678173128.822147	6.905205	-14.280664	-2.097972
drone2	1678173129.301130	6.822652	-14.383644	-2.346446
drone2	1678173129.614096	6.738540	-14.449330	-2.566144
drone2	1678173130.326440	6.500583	-14.572495	-2.693656
drone2	1678173131.431783	6.270132	-14.681881	-2.773727
drone2	1678173132.696757	6.070578	-14.739630	-2.984700
drone2	1678173133.967892	5.829100	-14.751677	3.109787
drone2	1678173135.073235	5.609450	-14.723776	3.007893
drone2	1678173136.184710	5.386087	-14.684158	2.974774
drone2	1678173137.216190	5.172685	-14.645525	2.965721
drone2	1678173138.327818	4.961179	-14.602641	2.968253
drone2	1678173139.433129	4.748678	-14.574020	2.984977
drone2	1678173140.538522	4.526379	-14.539312	3.002014
drone2	1678173141.650274	4.312502	-14.509974	3.015425
drone2	1678173142.755316	4.094524	-14.468484	3.014365
drone2	1678173143.867224	3.879355	-14.432605	3.009066
drone2	1678173144.978236	3.660208	-14.399684	2.996839
drone2	1678173146.083626	3.444559	-14.359527	2.978202
drone2	1678173147.115321	3.233866	-14.318245	2.964949
drone2	1678173148.226750	3.031512	-14.278555	2.946514
drone2	1678173149.332062	2.823900	-14.227373	2.930059
drone2	1678173150.363702	2.601544	-14.184602	2.926680
drone2	1678173151.469456	2.381426	-14.130797	2.921287
drone2	1678173152.580523	2.175217	-14.089456	2.924529
drone2	1678173153.692017	1.956516	-14.043498	2.918834
drone2	1678173154.563993	1.751232	-13.977374	2.729708
drone2	1678173155.196532	1.565897	-13.887071	2.637830
drone2	1678173155.749163	1.392557	-13.780529	2.617082
drone2	1678173156.301872	1.221461	-13.685241	2.574906
drone2	1678173156.934401	1.028211	-13.573453	2.580411
drone2	1678173157.567236	0.852787	-13.455704	2.552222
drone2	1678173158.518643	0.682116	-13.331261	2.473713
drone2	1678173159.310616	0.552593	-13.199879	2.253567
drone2	1678173159.709797	0.490430	-13.091947	2.021316
drone2	1678173160.575633	0.401442	-12.836143	1.830466
drone2	1678173161.607157	0.342319	-12.562857	1.773430
drone2	1678173163.032221	0.300519	-12.293232	1.664035
drone2	1678173164.290867	0.295339	-12.046434	1.558497
drone2	1678173165.555959	0.303895	-11.805041	1.515955
drone2	1678173166.821005	0.322677	-11.576238	1.497499
drone2	1678173168.006106	0.342872	-11.350860	1.440374
drone2	1678173169.344668	0.372225	-11.124947	1.464808
drone2	1678173170.609868	0.394329	-10.897965	1.486617
drone2	1678173171.800948	0.419444	-10.664722	1.486517
drone2	1678173172.906812	0.430725	-10.436469	1.484304
drone2	1678173174.011791	0.440847	-10.203038	1.540199
drone2	1678173175.196671	0.444031	-9.973011	1.586711
drone2	1678173176.382262	0.440325	-9.721778	1.613368
drone2	1678173177.726748	0.431770	-9.476334	1.620901
drone2	1678173178.359528	0.442923	-9.382474	1.355684
drone2	1678173178.599004	0.475175	-9.313151	1.119497
drone2	1678173178.918247	0.538968	-9.219902	0.906535
drone2	1678173179.231511	0.621710	-9.142980	0.688584
drone2	1678173179.864040	0.809554	-9.024007	0.525560
drone2	1678173180.570106	1.022296	-8.900528	0.584435
drone2	1678173181.362224	1.155243	-8.805493	0.791670
drone2	1678173181.755348	1.166953	-8.789392	0.998068
drone2	1678173182.068491	1.176015	-8.755928	1.220827
drone2	1678173182.461557	1.180248	-8.707038	1.441779
drone2	1678173182.860360	1.175333	-8.598613	1.670208
drone2	1678173183.173622	1.147008	-8.494323	1.893595
drone2	1678173183.413380	1.107532	-8.425998	2.102190
drone2	1678173183.726457	1.032997	-8.336299	2.358536
drone2	1678173184.045807	0.938726	-8.265622	2.567889
drone2	1678173184.678307	0.741248	-8.154574	2.640612
drone2	1678173185.311109	0.546551	-8.037654	2.512226
drone2	1678173185.863379	0.402525	-7.910069	2.309533
drone2	1678173186.342304	0.320815	-7.797233	2.098748
drone2	1678173186.815099	0.302545	-7.760541	1.893088
drone2	1678173187.134489	0.295325	-7.707233	1.650995
drone2	1678173187.527647	0.295485	-7.609141	1.446636
drone2	1678173188.080243	0.340975	-7.429047	1.230866
drone2	1678173188.792650	0.418456	-7.235253	1.124782
drone2	1678173189.738208	0.521427	-7.048884	1.087526
drone2	1678173190.843651	0.601264	-6.859338	1.264670
drone2	1678173191.402442	0.672917	-6.686830	1.064113
drone2	1678173191.955161	0.793650	-6.523076	0.815076
drone2	1678173192.587627	0.964795	-6.368742	0.642797
drone2	1678173193.533156	1.148050	-6.239919	0.634014
drone2	1678173194.479327	1.207473	-6.194401	0.845800
drone2	1678173194.958028	1.238362	-6.143556	1.073419
drone2	1678173195.430621	1.259697	-6.076017	1.309616
drone2	1678173195.903511	1.265119	-5.992833	1.533133
drone2	1678173196.137265	1.256313	-5.924456	1.762438
drone2	1678173196.376300	1.219595	-5.843486	1.976209
drone2	1678173196.609846	1.169505	-5.771951	2.207487
drone2	1678173196.929063	1.081737	-5.691783	2.430794
drone2	1678173197.561800	0.896763	-5.563703	2.525817
drone2	1678173198.194029	0.714782	-5.431511	2.431387
drone2	1678173198.752927	0.582976	-5.293034	2.223338
drone2	1678173199.225858	0.537296	-5.225566	2.011262
drone2	1678173199.544964	0.529033	-5.199229	1.792201
drone2	1678173199.937985	0.525764	-5.153084	1.553491
drone2	1678173200.257456	0.540469	-5.074016	1.340797
drone2	1678173200.730372	0.600343	-4.921838	1.126493
drone2	1678173201.362890	0.706935	-4.731411	1.022268
drone2	1678173202.228703	0.817514	-4.554870	1.023586
drone2	1678173203.567298	0.905077	-4.373826	1.230006
drone2	1678173204.598874	0.958443	-4.172767	1.393581
drone2	1678173205.624496	0.982379	-3.954313	1.518400
